Damier : 3 lignes, 5 colonnes
Solution en 20 mouvements
  6  1  #  2  4
  3 12  7 10  5
 11  8  9 13 14
SUD
  6  1  7  2  4
  3 12  # 10  5
 11  8  9 13 14
SUD
  6  1  7  2  4
  3 12  9 10  5
 11  8  # 13 14
OUEST
  6  1  7  2  4
  3 12  9 10  5
 11  #  8 13 14
NORD
  6  1  7  2  4
  3  #  9 10  5
 11 12  8 13 14
OUEST
  6  1  7  2  4
  #  3  9 10  5
 11 12  8 13 14
NORD
  #  1  7  2  4
  6  3  9 10  5
 11 12  8 13 14
EST
  1  #  7  2  4
  6  3  9 10  5
 11 12  8 13 14
EST
  1  7  #  2  4
  6  3  9 10  5
 11 12  8 13 14
EST
  1  7  2  #  4
  6  3  9 10  5
 11 12  8 13 14
EST
  1  7  2  4  #
  6  3  9 10  5
 11 12  8 13 14
SUD
  1  7  2  4  5
  6  3  9 10  #
 11 12  8 13 14
OUEST
  1  7  2  4  5
  6  3  9  # 10
 11 12  8 13 14
OUEST
  1  7  2  4  5
  6  3  #  9 10
 11 12  8 13 14
OUEST
  1  7  2  4  5
  6  #  3  9 10
 11 12  8 13 14
NORD
  1  #  2  4  5
  6  7  3  9 10
 11 12  8 13 14
EST
  1  2  #  4  5
  6  7  3  9 10
 11 12  8 13 14
SUD
  1  2  3  4  5
  6  7  #  9 10
 11 12  8 13 14
SUD
  1  2  3  4  5
  6  7  8  9 10
 11 12  # 13 14
EST
  1  2  3  4  5
  6  7  8  9 10
 11 12 13  # 14
EST
  1  2  3  4  5
  6  7  8  9 10
 11 12 13 14  #
